2.20001006	161.61102295	0.00141747	1.43055165	163.10557556	0.00000647	
2.16707635	161.70513916	0.00141023	1.43061244	163.19940186	0.00001764	
2.15903330	161.87779236	0.00150590	1.42911625	163.37487793	0.00000663	
2.21059728	162.06477356	0.00141601	1.42564678	163.55432129	0.00001349	
2.26823163	162.25923157	0.00168684	1.42207003	163.75744629	0.00000603	
2.25639248	162.18931580	0.00169027	1.43059480	163.69619751	0.00000634	
2.15732741	162.36610413	0.00150354	1.43161666	163.86557007	0.00001121	
2.08917856	162.46861267	0.00143204	1.43283486	163.96607971	0.00001878	
2.16607022	162.60749817	0.00148988	1.42800832	164.10275269	0.00000589	
2.20020103	162.72561646	0.00127763	1.42830920	164.21159363	0.00000994	
2.19927120	162.79585266	0.00141747	1.42995989	164.28981018	0.00000647	
2.16632795	162.88987732	0.00141024	1.43002319	164.38354492	0.00001764	
2.15827394	163.06250000	0.00150588	1.42852688	164.55899048	0.00000662	
2.20984721	163.24938965	0.00141598	1.42506170	164.73835754	0.00001350	
2.26746106	163.44380188	0.00168681	1.42148578	164.94143677	0.00000603	
2.25563455	163.37391663	0.00169027	1.43000913	164.88021851	0.00000634	
2.15661788	163.55059814	0.00150357	1.43103433	165.04949951	0.00001121	
2.08842826	163.65307617	0.00143209	1.43225527	165.14997864	0.00001878	
2.16530132	163.79194641	0.00148988	1.42742991	165.28662109	0.00000589	
2.19948053	163.91000366	0.00127764	1.42773342	165.39540100	0.00000994	
2.19855452	163.98028564	0.00141746	1.42938578	165.47364807	0.00000647	
2.16560245	164.07420349	0.00141025	1.42945135	165.56730652	0.00001763	
2.15753746	164.24681091	0.00150587	1.42795503	165.74272156	0.00000662	
2.20911908	164.43360901	0.00141595	1.42449415	165.92202759	0.00001350	
2.26671338	164.62797546	0.00168678	1.42091906	166.12504578	0.00000603	
2.25489879	164.55812073	0.00169026	1.42944086	166.06385803	0.00000633	
2.15592909	164.73471069	0.00150360	1.43046916	166.23303223	0.00001122	
2.08770037	164.83715820	0.00143215	1.43169296	166.33348083	0.00001878	
2.16455507	164.97599792	0.00148988	1.42686880	166.47010803	0.00000588	
2.19878149	165.09400940	0.00127765	1.42717493	166.57884216	0.00000995	
2.19785905	165.16430664	0.00141746	1.42882884	166.65713501	0.00000647	
2.16489863	165.25814819	0.00141026	1.42889667	166.75068665	0.00001763	
2.15682244	165.43072510	0.00150585	1.42740035	166.92608643	0.00000662	
2.20841265	165.61744690	0.00141592	1.42394340	167.10530090	0.00001350	
2.26598787	165.81176758	0.00168675	1.42036915	167.30827332	0.00000603	
2.25418496	165.74192810	0.00169026	1.42888963	167.24711609	0.00000633	
2.15526080	165.91842651	0.00150362	1.42992103	167.41621399	0.00001122	
2.08699393	166.02084351	0.00143220	1.43114746	167.51663208	0.00001878	
2.16383100	166.15966797	0.00148988	1.42632437	167.65322876	0.00000588	
2.19810343	166.27761841	0.00127766	1.42663300	167.76193237	0.00000995	
2.19718456	166.34796143	0.00141745	1.42828846	167.84024048	0.00000646	
2.16421556	166.44171143	0.00141027	1.42835855	167.93371582	0.00001763	
2.15612864	166.61425781	0.00150583	1.42686212	168.10908508	0.00000662	
2.20772696	166.80091858	0.00141590	1.42340910	168.28823853	0.00001350	
2.26528406	166.99517822	0.00168672	1.41983569	168.49116516	0.00000603	
2.25349236	166.92538452	0.00169025	1.42835486	168.43002319	0.00000633	
2.15461230	167.10177612	0.00150365	1.42938912	168.59902954	0.00001123	
2.08630872	167.20416260	0.00143225	1.43061817	168.69943237	0.00001877	
2.16312861	167.34295654	0.00148988	1.42579627	168.83599854	0.00000588	
2.19744563	167.46087646	0.00127767	1.42610729	168.94465637	0.00000995	
